id;fecha_venta
1;2021-01-27
2;2021-01-26
3;2021-01-26
4;2021-01-27
5;2021-01-27
6;2021-01-27
7;2021-01-27
8;2021-01-27
9;2021-01-26
10;2021-01-26
